1170
6699
5988
1495
5533
8257
6828
6063
2734
7774
8608
1968
9987
9858
5866
4423
828
5246
1364
2454
6534
2596
9192
432
9301
7290
5879
2460
5208
2445
3754
3221
2206
5993
675
9532
5353
5380
7113
8463
5611
4758
241
5508
223
4541
7315
1178
5189
1824
4394
585
7951
4685
2181
7889
3119
5031
5347
618
4478
1165
3617
6457
3949
3098
3476
4299
1386
7094
6404
396
2222
2540
4593
390
6494
7410
9056
3889
6923
1020
8779
3064
3934
4920
6384
3489
9000
9744
7400
1258
1124
2135
1456
4206
6513
687
4447
1575
865
3657
9326
9896
3660
3104
7259
3033
6160
9436
3076
2160
5493
4663
1045
840
5815
1048
8753
3349
3577
806
8570
9128
4299
1166
9520
782
2212
8359
2332
9710
2175
1138
2068
7613
9756
4586
5708
61
6792
9370
4611
9837
6432
3033
2198
7519
4311
5052
9169
1056
121
1775
630
9125
1081
2390
6494
2550
5707
9396
5942
3136
715
6921
9359
1293
539
4176
2849
2870
4232
7426
7956
4098
5984
3045
6614
1843
7618
6852
2446
7574
9354
2074
4253
6650
7605
3607
453
5993
9565
2273
7598
8161
3538
1371
1895
5971
5308
8226
8693
6461
5568
5637
6567
3338
953
2321
6572
778
1013
7178
7793
4968
7197
7426
7164
7674
2430
2495
4908
8326
5326
2506
3320
8369
8198
1988
7098
3532
4300
8105
6215
1405
234
8840
1088
3206
7444
9386
9713
6420
4017
2325
2355
1305
7580
9945
2336
9659
7129
5314
1325
803
4987
3046
6863
8733
1438
5889
6895
3645
2303
6147
9290
1612
9939
840
4637
4601
4573
4870
7873
6072
2818
5171
2998
1187
3614
7257
8698
4928
5865
3104
3740
1038
137
1946
1839
527
1693
1542
8390
3423
3562
5770
8455
8826
5196
7890
9233
7763
3473
1063
5990
8649
7032
2204
3385
897
3252
8802
4913
3301
8710
7800
8104
6335
4325
4343
4027
6979
7566
3759
3237
3906
5218
4317
654
7635
8760
4732
8026
8644
2344
4507
7781
3855
4593
2972
4001
8147
4583
5147
1449
6887
8682
7509
4966
7033
6999
5586
8295
8097
5841
3991
7234
5083
3248
5341
9261
4832
8343
6161
5526
3165
6187
9500
7315
679
3159
2480
9855
8893
473
9885
8163
9470
1840
8130
884
9306
3705
6854
6537
333
8486
4862
5314
36
6017
4476
8134
4311
4699
6215
3517
2645
9189
5125
2158
5436
5713
7759
1198
7858
7245
3292
8170
8458
6235
3079
7138
3148
1740
1155
277
1108
440
3607
4205
7137
903
3558
3447
3047
3287
4199
4151
4827
1189
9699
130
57
9970
1038
6134
1651
8394
8489
635
2020
7186
4966
6562
7220
35
7478
9522
9455
3294
9510
7535
9503
3640
3362
4031
469
3975
9142
8203
2227
4282
7203
1210
2212
2101
3362
8320
2486
3190
3164
4650
9020
6980
5836
3089
9843
3291
4781
9417
1561
5543
5601
3404
5527
687
4619
8069
1943
9205
8417
2090
3246
6739
5947
7693
396
944
9819
5107
1060
1716
5546
461
2990
7974
7882
9022
7638
6050
6671
2624
1583
7281
278
5505
6030
7235
1119
4067
1425
2157
3286
431
220
7735
7920
3067
1609
3112
5848
965
7019
5471
1419
9198
4474
1363
4296
2036
2485
3076
7922
3640
371
7945
7573
7737
3826
9508
477
9820
8522
5573
5001
420
3231
4137
2665
7989
1473
7076
4186
1524
6296
9579
7269
2839
2637
760
9715
8987
1749
1293
2173
4577
843
7399
2289
4653
8006
9754
7151
8581
9918
9690
5757
4601
8754
6137
5455
499
4732
4739
938
5953
8768
4088
2871
2213
5903
5941
7557
1415
9088
886
1931
2339
8159
2932
1332
6086
8959
7339
9238
908
8184
534
4005
7701
3402
7414
5413
3214
9494
9048
7610
2136
5742
9602
2138
401
8825
2580
7632
5831
4316
9195
3593
295
1000
3231
1408
2614
2198
626
7600
8488
6020
7273
641
7323
4687
8817
4100
5714
8301
6311
3720
637
1174
2013
1289
8107
9468
2710
5743
7790
4251
9704
7942
3849
4795
1452
4590
4291
1422
4634
2947
7007
9170
125
6541
4839
4174
9699
4162
2275
6112
4977
7480
7779
7208
5414
3437
4832
4555
5496
5220
4698
1263
9902
4847
1826
5653
7792
9332
2828
5175
4683
1933
4302
6290
6828
9389
8471
6772
5265
1934
4965
5932
761
7422
58
6136
9222
1945
6896
8120
7454
9076
6126
403
896
3615
1763
4497
9128
7335
5400
7819
8279
6040
5575
7268
1790
2215
7175
3193
7527
5232
8771
3238
5452
9362
9046
1304
7226
839
6703
3145
4279
1521
1463
6809
9259
6576
6091
2204
115
7407
18
379
4853
4055
6250
6521
6658
4409
9334
2510
2598
5666
1754
8626
7954
372
1766
8546
3039
5898
7378
3841
5002
9487
3714
6486
4598
9299
6246
5520
7098
8157
427
9765
7565
6031
6950
218
6836
6628
9586
394
6687
5577
2123
290
8585
4607
2884
6301
5293
4042
1789
9957
9456
2379
3053
9740
4334
7273
6645
3993
9609
1175
2275
5795
1291
6438
6893
4702
98
3329
9088
3207
8789
6897
9693
9443
5030
2551
3740
181
8736
2494
1213
7847
7784
4472
6796
4450
6604
74
2501
321
1494
8396
9397
4953
3748
2246
9943
2295
1848
8595
2236
5539
1668
7108
9039
4830
6278
4670
5675
611
1910
7070
3962
6407
6781
4743
1147
4872
84
18
9992
8561
5176
2678
3805
1153
5377
5241
7950
8488
1895
3788
66
624
7780
5635
8379
9545
762
140
8833
9855
7537
4436
9751
3111
5957
1042
3361
271
6275
2236
5063
4960
3737
4726
3683
4256
8413
5342
7242
6962
1247
7734
2892
8829
8083
4402
7525
5250
3130
7090
3410
2072
139
1814
7741
3085
1748
1996
2428
2089
6901
4478
8821
6282
8276
3508
4330
70
6829
9145
6318
5622
8856
7180
3560
93
898
6771
9880
3469
2466
1153
1197
1388
7
9832
2209
3453
6938
8346
2562
2039
7694
4687
2638
6377
9159
1402
2876
5058
1635
5961
7046
419
2755
6244
6613
6631
9290
1342
6499
5631
303
6930
4762
9073
8185
2471
1418
3315
7003
1732
28
9176
7717
9934
7696
7820
3786
7018
2751
8131
3273
6829
5567
1168
9364
4888
7178
4440
1520
891
6401
1426
8159
6419
3866
6389
7836
3315
827
2220
8040
4396
443
6917
2012
5946
641
3181
6288
8372
5953
7644
9237
3963
7545
8316
8663
6618
5216
378
1124
9793
3968
7373
5266
2094
3795
8254
8426
134
2753
9518
9554
167
5668
4703
2986
2816
6714
2406
6667
2177
330
7226
8087
5738
3801
3331
3920
4402
9368
420
871
4093
7621
1279
1784
610
1437
7114
8056
9323
4122
8066
166
8195
3829
2129
9490
541
8354
2453
3192
5216
1233
914
7089
4614
2633
6257
8422
2653
4827
2854
5931
6778
7327
6924
1877
6785
6064
7843
5913
3118
9929
3257
2103
2305
2339
2967
2775
7924
5880
1822
8518
9999
5694
3377
5619
2519
1745
4252
4532
1631
6055
3322
6476
5880
5072
3678
7121
3744
5230
1048
2929
6190
1530
4816
7304
1185
2514
483
9900
4779
5896
5300
6815
4264
6491
8747
4509
3583
4582
678
6093
3084
6617
4345
270
8787
1698
2665
7376
4670
4541
1486
4550
6678
2265
8244
4927
1047
8128
5952
2365
1768
921
5681
3094
8275
5613
2834
4290
4536
4927
8807
3160
2796
9983
4762
6752
4536
5234
3761
3386
7458
7768
911
3584
6130
1933
7033
5407
1037
9090
5113
9036
7646
1160
71
6156
9840
5602
7348
359
5566
7388
8519
1497
2289
8339
3455
1598
1303
5107
498
4097
1985
4267
7614
2930
6658
6001
9805
2123
253
8140
4170
6610
2560
8145
1521
4728
9939
5767
2243
8910
2388
4085
8120
4494
9669
5759
1734
5157
2106
8240
3189
3902
9529
133
9092
8635
3128
478
7154
4059
9969
9047
503
4953
4456
8801
9213
2744
4645
1205
8239
6619
4373
6956
7471
8791
503
4086
9779
5407
3330
2798
499
4778
2222
163
5675
9789
8886
8228
4222
9946
4778
2946
4545
7029
9386
4927
8852
9694
1893
9697
8427
5541
7201
8736
3798
9319
2649
4071
4333
3540
5257
1156
4233
234
8497
2438
1812
6728
7713
1580
373
3838
8211
554
3748
5934
5636
4965
8273
8030
9058
9759
9599
3443
9125
3896
9500
9098
1907
7135
525
8306
2863
5062
3725
6868
2690
6598
6482
1511
2411
4311
2470
6724
617
1551
1699
4445
6861
4686
504
339
5742
2382
2276
7567
9818
6878
9616
2575
7542
4549
2537
7497
8059
9794
1978
4854
3806
9902
9232
1644
6554
8358
5155
7736
3409
7647
6818
4730
5741
2866
2818
7431
9468
1547
3134
9720
670
4971
7966
5519
9973
30
5885
9142
6100
4810
2875
3630
3208
6503
3344
108
2926
1075
4777
7924
7901
7218
224
6782
3773
570
5193
107
5304
7383
3402
6854
650
800
9163
61
4186
7966
3465
7327
1222
1865
6897
9539
9235
6357
2881
9714
4306
5068
6805
9297
670
5766
3514
5566
3672
2746
2021
5569
2459
3893
3318
5940
9216
3263
7916
7809
5252
4764
2320
2481
6293
8477
9830
6762
7836
9662
9247
9252
7825
3782
6047
7317
9424
911
2554
6039
8441
123
5325
3368
2380
8904
8923
1906
6370
8707
3170
9057
9732
1136
2633
2552
4605
6955
6124
8829
7638
1040
7520
9763
8569
7668
5532
9064
7903
9051
1997
1341
1609
5321
5225
248
2526
675
9255
6341
2025
2195
2100
5421
8228
9037
5194
784
3548
1582
7862
949
7156
6840
4826
9211
3556
2725
775
7043
9090
8392
5226
9140
6163
8437
2078
66
1966
6282
1380
4161
9801
1296
7582
9267
3909
3137
1441
6771
4884
7223
4550
5153
8066
3305
2514
9402
8324
7633
407
1438
5698
4727
4073
9376
6268
3842
4864
8150
7376
2096
8751
3397
3962
3222
6141
6449
3164
4071
9272
5404
559
6990
6983
9612
6322
712
4169
4785
8128
3510
8499
2950
7966
522
5998
7238
4028
1891
3104
2076
2266
5254
576
6093
1839
2497
5668
9923
9232
7122
1610
6877
3893
6693
6107
4434
1767
9035
3977
1588
1224
4290
3593
768
6727
9495
7903
2639
6868
2477
6573
714
2965
2207
5077
6971
4375
8900
2949
5202
2409
1720
8082
6983
2371
9387
8147
795
4950
3472
9882
1401
9453
232
7613
7078
184
5635
8727
3246
1999
7182
5484
9420
7033
571
9220
8053
8622
9753
3852
7098
3671
4769
6006
895
5002
7650
1664
1078
9155
6430
5937
8805
4078
398
5730
904
1510
3498
7905
8775
3792
4001
6547
3813
6473
6779
2294
2753
7439
1252
7550
4714
6167
4360
7827
5918
3139
1369
921
5181
1602
2043
2896
6053
9477
8450
8810
9501
3433
2618
4154
1610
2608
8964
293
7953
2467
6676
8756
7227
3822
4787
4616
8376
4473
5742
5107
3034
6989
5939
4408
1039
4873
9773
934
7006
5158
5599
8385
673
7730
1470
5148
6298
4874
9963
3444
5136
5343
8641
2423
8966
7481
8241
3768
7517
9683
9214
9914
2405
5306
4991
2743
2347
8486
5958
8324
4246
9170
5764
233
2402
6311
7175
638
6889
3828
6167
3244
3563
4475
4971
8373
1902
7834
9741
9615
1955
4320
3354
5781
6186
2171
4021
4895
509
2529
9898
6327
8
7664
28
442
4894
9877
8329
6588
8915
4194
6541
8615
8692
9124
2007
4267
8889
3779
9253
7618
7090
8204
4504
3509
2212
2789
7900
6318
2204
763
6917
4676
3327
1350
3937
8427
5330
8976
3293
6542
8953
5630
5376
8129
8997
3679
3476
1974
134
5737
471
4858
3638
5612
4326
4474
7022
5968
9997
846
6135
466
4807
790
3170
6628
1373
4882
4895
5752
4778
1836
2969
890
5451
798
4437
1816
3024
4706
421
7301
3491
4058
5452
6839
440
5482
8773
9684
330
4372
4396
6850
3210
8999
85
732
3500
9997
4863
5343
3930
6914
7629
4751
3699
6330
5220
462
7652
1813
4581
1265
7393
2998
8509
6704
9778
7176
1523
2620
6030
2786
7807
3324
7523
4868
1059
3241
7212
4350
4591
291
5774
3495
6725
368
87
3532
7732
9210
6496
9983
3598
40
5912
8513
2178
4031
1903
8584
4498
4489
1861
4997
9376
7832
9097
4419
4413
7541
5186
3604
1559
9167
3745
6308
8117
2836
6085
6582
1054
5099
3289
462
8924
1880
1865
1510
4677
9660
9607
4407
3934
8025
1122
4259
2189
5316
4271
5163
1813
5374
2750
4309
1933
4299
8208
9491
3352
9284
7033
8593
6973
5377
1021
9905
9548
7400
8213
6338
4646
4423
8950
4726
1830
8214
4555
6908
4583
6912
6828
688
4885
6696
2493
3408
2425
2381
1676
2260
725
193
8018
7221
3798
5092
8647
9599
8277
7507
3867
6175
5698
4590
6341
9980
6250
5955
1444
7863
3226
4854
9635
9982
6730
8686
1857
4810
4823
2454
9665
5466
2470
3484
2588
7642
6552
4856
9323
3887
7995
4563
7424
8765
4746
8802
4839
6678
7052
9562
9911
7465
5951
3581
1164
2819
9131
8417
703
7762
8833
838
8458
4480
2947
2628
7563
2869
2583
22
1346
5382
6885
1452
5526
3343
1376
7636
530
6918
8743
5378
9318
3948
7114
4277
4763
1484
216
8802
2809
278
9257
2703
7444
7031
1155
9203
7660
8423
8249
9854
6578
540
1895
7281
4726
5556
1019
3910
4321
6014
8730
2721
1048
9179
58
6993
9733
3513
6131
410
7802
6411
8628
6717
8476
4389
6750
93
5831
2209
3633
2809
5916
1630
7729
4343
4991
6143
3420
1258
7859
9971
4536
7858
103
9389
6870
4635
2060
7051
1083
413
5871
4355
9297
1011
7666
4744
4744
9677
2762
4293
9356
6595
4445
3889
7243
6632
1630
6539
4480
2760
5979
2958
4614
4385
5819
9276
864
9381
8666
5282
390
602
3633
145
3660
6920
6060
1213
3987
2898
7963
4567
2233
7969
6072
9017
2885
716
6613
5091
2031
2278
265
2428
9613
5763
4578
970
8844
3061
3488
8689
1753
6636
7004
2767
4068
5826
3807
6776
2851
5625
5684
2829
7836
7605
9808
9292
8983
4866
3500
3140
6950
8421
760
4814
9937
378
3384
1144
8221
4639
2475
4633
9296
5348
5887
3033
746
8823
6324
3803
1905
7981
2232
4183
4957
6896
7258
5255
6553
261
1748
7583
5110
6703
7693
6832
1539
7031
5057
4816
3755
9271
3301
4659
9415
7629
4368
8370
1641
9746
2109
5077
5402
7808
5010
9626
9252
3578
3960
4941
5358
7445
740
1230
2492
593
8963
3340
903
2585
6645
1894
6457
3429
5937
9081
9397
4216
290
4131
6548
5639
2682
3530
7977
7798
3039
1218
8529
783
2540
8385
2021
7358
5650
5521
2150
4988
8723
3262
8810
1072
165
2675
7382
6690
5444
397
7100
434
7642
6577
4739
679
4424
5569
4902
7606
5482
4032
2021
1809
9424
6415
6224
4818
1018
878
7588
9773
3416
6250
9273
4765
7028
7799
9353
396
7057
5724
1582
9904
4568
383
1272
8229
9000
6151
2190
1632
9969
1796
4421
9274
9901
1173
7903
2865
3265
138
4375
2920
1333
6646
1089
7295
232
5370
5424
1902
1106
943
9385
5363
8297
5243
3976
9704
2005
6473
3018
5162
6513
2256
7903
8436
5739
6137
713
2996
1080
4762
8283
2908
5851
7548
5780
3154
9307
9315
2587
5778
7673
2230
9153
4323
9886
3405
6006
6924
2433
3865
6627
756
4409
8691
109
9421
5413
6605
9738
2621
493
3957
8005
2312
5375
4753
8788
5270
2185
3160
5754
4314
6407
2760
6332
7152
3181
1674
5902
626
5093
3953
5507
570
6219
2786
2776
8539
4023
7058
6569
1136
2559
7748
1200
9305
3348
6890
1533
3328
7855
3733
1152
7063
4417
3955
4556
6001
7152
42
4239
9163
972
8487
3424
3566
8609
6898
6268
6146
6172
514
1749
3514
9873
8374
9187
2186
5503
2470
4126
1109
8383
8436
6164
8687
230
2640
1552
9514
4307
4712
9521
2328
1030
4784
8131
1833
9150
7746
6630
9488
4885
1883
8598
6843
373
8735
1940
4324
3671
4067
1729
5395
5123
3029
9185
6974
9006
4064
4579
1840
1898
6868
8091
3374
3882
6509
8930
5996
4453
1575
9217
819
6566
3042
6735
2532
3397
7221
775
9470
1938
7780
1893
8228
528
453
6627
2448
3928
9901
5085
4103
9298
7508
1083
2605
4041
8021
653
1307
2197
5790
8620
7048
9970
4312
9956
6756
1091
3335
4853
8880
9630
3143
5491
3513
6773
9783
428
2689
1051
1881
6170
2556
7052
1991
5174
9586
4504
9051
8426
8630
9616
1742
8156
1617
8234
8832
1695
2649
8607
6703
3738
2322
1797
2509
2853
2330
9856
6832
6880
8574
8735
7083
4239
1021
7462
7911
825
4125
4093
2975
9413
7849
8166
918
9557
4482
8421
4589
4544
2113
3690
5306
9438
2914
7181
8116
6834
2867
7052
4027
6004
5850
8534
2167
9053
6776
8142
5289
1326
6017
2460
2199
5563
8526
4975
5685
1542
6151
7601
7516
4118
1057
3031
5632
6243
4367
8111
9395
7624
8737
5069
4168
7501
5264
8484
741
1103
5334
5641
4033
1046
8567
3594
6235
5404
5772
7183
2153
8853
5622
9381
7896
8805
5625
7131
1963
6854
8571
4840
53
557
1842
9790
6497
667
6080
8356
7732
7181
7507
1118
9258
2032
980
2443
1108
7599
247
1739
3391
6210
8111
5585
5485
7311
4911
4579
6454
6690
1030
5787
4265
6607
2179
7452
2113
9217
4372
9236
2734
7674
4611
3850
2954
605
6133
7687
2601
3567
3781
1175
4174
5110
1824
5351
2321
1991
36
988
8398
7233
3
8460
1585
3112
4405
1275
3041
2241
6081
2227
7838
9994
2825
6728
3978
5672
4510
1198
1754
7657
1670
613
9567
4916
6449
4368
2433
5097
6941
8702
3626
6037
1370
7166
4693
3571
537
7878
1015
8106
3060
2939
8154
2147
9468
6267
9411
4071
3964
4511
5760
8190
4525
8301
6154
1545
5467
8198
1286
9177
1225
4477
4941
8184
6366
1616
8573
7913
8462
1716
2371
4787
4490
8909
4001
5331
9346
7772
1199
6128
5038
6967
7830
55
8933
9848
4907
1901
2363
9008
8900
2230
2891
6847
2827
8203
2396
1885
7779
4764
6477
2500
208
6811
3300
9019
7412
2766
1737
1180
7067
1954
227
5691
875
3536
4083
3513
9626
7426
8152
8014
8842
3978
326
9341
7323
2446
7639
8810
488
6361
8938
6161
5746
5584
6330
283
8100
1273
2693
126
5973
3908
459
1906
2822
8874
5514
6898
7326
3513
3376
3247
7329
8770
9688
6632
6638
3381
1635
371
7986
1325
1898
3434
583
2375
7204
6260
9676
3863
1641
5676
3898
6440
8387
4768
4994
8345
1701
5097
1081
1318
6112
1365
7361
1100
1386
9720
807
9364
805
8442
9084
120
6507
7361
7677
8349
7440
3265
4317
2148
1138
994
5847
2339
2431
1017
7650
1549
3796
5164
9926
7900
169
3171
8306
6083
747
2993
8979
4582
7937
2781
340
6134
4993
5163
6068
8190
8230
4167
5518
6577
4998
7173
2598
481
9041
3293
3426
1267
6243
7230
6963
6765
2101
5129
917
5822
9930
3656
6437
5684
6850
799
3726
5723
2827
562
7647
8321
894
5842
909
1866
188
2152
2776
7467
1261
6435
1442
2247
4824
5290
6191
8621
2804
270
2680
6195
5196
3097
620
3593
7676
5812
1620
7348
819
6705
3984
4883
742
4234
4763
8979
1642
4656
3388
6156
3174
9052
4870
7460
9844
9196
4171
4411
8444
3291
7384
907
7562
27
2361
6011
7257
3832
3517
8614
8911
4335
7761
789
6115
7542
5620
2087
2296
3398
2870
53
115
8552
1550
5095
671
6571
9782
941
945
9620
6700
9713
5664
2198
7219
9867
3481
8173
9910
8204
9484
1721
4782
9662
5563
7692
8631
5756
3239
7077
8098
1344
808
9392
3479
863
6130
9594
1825
8759
367
7111
9704
5764
6236
7384
4547
1708
6239
166
9941
552
6803
9721
418
7069
7388
6553
7630
3526
8156
6192
8318
2500
5201
629
5136
2602
7455
318
3451
3081
7265
8975
7135
5545
316
3571
3640
454
9696
8644
9818
8016
5262
4991
3785
5951
2565
8863
7010
3394
9548
8472
8234
499
9816
1608
878
5117
1413
5461
5251
9812
10000
44
7522
1096
7157
2032
7685
8590
8008
3500
6921
5002
410
5573
6249
2136
1264
3159
1962
9882
7808
3284
9574
9964
9703
7189
7442
1248
4827
2676
3389
9648
3655
4592
1876
3183
9844
2491
2984
9877
770
7869
6624
1259
8011
9718
1413
2278
6521
841
7921
7849
2362
5603
1662
3871
6796
5534
5884
3049
9231
4828
666
2484
3764
8463
4498
3995
5175
5506
8083
2729
2189
4869
76
252
9107
6557
4046
6641
8154
996
6001
9163
2846
7862
6744
1929
4156
3051
5346
3120
6575
2249
1828
2102
1757
2082
6153
7262
3109
4910
9843
6661
8378
5330
2947
8882
2308
9903
7195
5456
4906
5928
1659
2054
3678
1336
5266
4096
9009
501
6578
7927
9074
5051
785
3006
7711
6124
951
8698
3452
9658
8418
3783
8826
1609
770
1848
5113
4518
8411
6549
648
64
6846
2463
6168
7465
2014
8443
1393
7748
4995
1067
5016
7682
6983
540
2455
5436
9469
6887
9341
9294
3482
8145
3280
9342
8541
8416
9608
8131
536
5753
9693
6870
1930
6647
7741
6451
6742
7377
4915
9678
1004
5696
4362
3024
6569
7273
8311
8019
8074
8370
8320
8068
6334
960
2797
14
8350
9201
5017
3269
3897
6235
3552
6733
844
6977
9777
2098
3595
5022
3081
3844
9967
4162
5105
7837
2139
8094
89
4928
9437
3940
4546
5328
9129
8082
1849
965
2423
9357
540
2563
9235
3986
7181
3830
2880
7600
5765
1011
8126
5344
9040
6800
8545
521
2788
7321
1667
7140
49
4034
6387
4828
1989
1988
952
7129
4338
5530
7471
5948
5451
2335
8522
3138
6058
6135
2068
8132
2281
5307
9822
425
4400
8764
3844
9486
7213
3202
3985
3779
3682
3228
4501
1360
2212
455
1351
78
1865
4160
8773
2360
7492
1568
4159
6590
9251
6533
5723
125
7257
2243
7099
7488
693
7428
7247
6662
8128
1212
3298
9941
4915
4020
7513
5453
3326
4960
9521
2093
7017
4835
1013
7909
5132
9142
5778
6182
3275
8939
5388
2415
5564
7649
8977
7811
7666
7708
1972
560
6357
7690
495
4857
6293
4182
3213
7760
772
4789
7358
1112
3668
5715
460
6797
9132
6309
9597
552
206
9847
1708
7922
1956
7334
5309
8036
6558
8614
217
6925
7368
2022
215
4792
3226
9918
881
7932
4242
2575
7115
5561
6471
28
5125
5605
5759
1901
4941
7513
1697
3530
3201
2307
6791
8119
4062
7639
1368
2633
6366
7548
7035
8331
1089
3745
7979
3787
9158
1846
7486
351
8942
6366
129
8365
3796
8940
9732
3217
5381
3883
8745
6959
1693
394
6422
5196
9451
2823
446
3291
9130
161
512
46
3348
9812
1092
6977
6734
2948
1091
5512
9637
1639
6953
239
2904
172
487
6361
8780
6880
2227
2059
6034
8851
5823
8642
1401
5210
2684
8203
4143
1304
8162
4470
9122
9747
6938
7529
8614
8143
503
3610
992
3759
8730
636
792
3051
5007
6056
6283
4640
8761
3368
8608
1154
7258
9869
9493
6554
5890
1720
5449
1166
9370
9571
1962
1769
3821
2889
3349
728
4627
7327
8831
439
5961
3017
6906
7917
8711
6126
834
3190
1086
9317
5267
2764
2389
233
2826
3107
3616
9577
9630
8388
6887
245
2986
1637
1159
5394
2799
9235
6434
1126
5446
5820
9405
6846
9818
7160
5621
7916
3490
1929
6603
8902
2130
7884
3808
4649
4273
6188
9470
9584
4690
9584
7834
5190
1602
4281
9532
3723
3559
5925
8767
9572
8009
8173
7340
6227
5170
3663
5205
9788
5702
5235
5114
5251
5145
3650
8816
5320
2633
3453
5074
3463
5615
3769
4435
485
6379
4333
2371
3475
3285
4923
1427
1425
9941
8883
5933
8187
4014
8444
5582
7166
2504
5112
3449
6677
1889
9856
7517
9754
3427
4484
6960
9777
199
4074
9494
8305
3225
8161
8527
5672
4921
4243
3130
7024
1401
2271
3459
2518
6922
1405
7973
2134
3374
9023
9073
5897
8787
5463
6536
4167
6376
8793
988
9569
5872
5237
2478
9899
5265
736
3299
6079
1621
6376
9227
6144
6986
7245
6052
2036
7117
5844
6306
9032
5557
829
9273
7734
1425
5586
333
3890
5440
4036
8524
1868
1708
7987
8178
6159
305
7068
4402
2892
9368
7717
7239
9599
6437
2781
6400
1426
8705
5750
7235
1683
2597
7400
8673
2825
3854
8732
3111
8304
4581
6020
5769
390
3051
7534
5697
789
3579
4020
9380
4032
6432
5383
9830
2930
2171
3190
6955
1776
6168
2532
8173
1266
900
9813
2190
2846
1790
4274
7900
7503
8662
3338
4177
4715
2054
5541
8859
4470
8456
1826
111
7291
759
7540
5047
6963
3914
591
7235
1673
6210
4280
7570
7501
1353
3840
4925
6225
9999
8704
5409
773
9508
4080
3142
3554
4436
4979
4387
6476
2338
896
7095
8307
8834
1099
8861
3413
4404
3022
9538
3131
921
5016
3333
5407
7983
9087
9877
167
4671
9966
2998
553
6463
6830
2124
9218
2066
1524
6032
7733
3798
9483
6911
1787
5515
6601
6694
4499
4148
7296
7199
7938
2091
3589
6342
9634
1343
8075
9488
1559
6100
5549
4273
8359
8709
8682
3058
2134
4201
1427
7707
4021
1581
3778
8089
5501
1802
4778
231
3040
2651
4911
4181
4429
5162
6370
8874
2244
4683
5630
5135
3205
4777
3141
3436
8452
4210
8617
3322
9768
3137
1780
2391
2474
1277
3321
5462
7868
7992
2904
3336
2535
798
4266
8867
1413
2795
7473
5743
9303
9972
4187
8659
5834
6935
4823
970
236
9166
9708
3988
5762
7991
8768
3304
5788
3500
6840
1929
3860
4577
174
4773
9847
5664
7944
7403
2258
3038
1735
2122
2780
3705
5658
5753
1842
4467
9008
5189
7411
767
9361
8521
6000
2069
7330
9717
4843
4240
7446
753
9271
671
5601
8315
4014
378
2233
5935
1336
8598
1335
8028
3308
6269
6542
2120
2454
7855
1239
1806
7502
2479
2387
1169
8509
744
2132
8159
6742
3100
2303
7828
5605
9512
599
4318
3062
7387
4299
3192
5114
9528
7757
749
7821
6653
7360
1431
6591
1414
1610
4967
5444
4607
4603
4427
460
5815
5091
5668
1799
2104
8491
1718
9160
8257
198
9122
4947
6649
7194
4872
3207
529
8354
7019
8587
774
6653
1199
3990
3729
510
9931
6009
4187
1700
9134
1272
3035
1354
2656
2948
6142
2543
8449
8510
9054
9935
4351
4277
3914
289
9248
7602
119
3630
3100
6529
6303
9413
8409
8896
8469
9114
6704
6647
5666
8001
9780
210
4961
9944
422
1283
6677
9177
5959
4288
2746
6617
2224
7032
4992
7738
6811
2288
1155
8061
7395
2920
3269
3355
6388
1269
4
1653
8106
5268
7147
6424
7056
2022
2068
5421
1244
669
9020
2157
6590
2350
1243
4908
2743
4473
4390
1735
7800
5469
3005
616
3047
9792
6471
3480
3286
2251
5571
4523
9487
3354
9705
6135
8782
9137
6536
3528
5658
3193
1350
7950
7189
7518
949
4795
6547
4295
2603
2409
8411
7630
9989
5589
1696
7109
4355
132
8926
3565
5441
8241
4526
8577
8008
7261
4498
1483
8572
2858
3159
4622
3495
5236
8944
4119
3354
1901
5340
7037
4953
5856
4767
9203
4636
8107
4021
5772
4154
4386
7282
8753
7162
4669
2489
4483
990
2904
39
643
5185
2225
2506
7062
3994
6726
6779
4651
2815
5989
6096
1622
386
291
4780
594
4121
7976
1746
4335
2067
9535
2384
892
2771
7944
3501
1096
3349
8543
9399
6941
1148
1263
449
1943
3551
5880
8952
3898
4704
1230
3481
5871
3881
7854
6720
5746
7210
3071
5320
4185
644
9535
2974
4638
5918
8265
171
5425
500
7866
362
9007
6707
2994
6725
4704
5171
580
5097
8194
8894
8929
8708
9562
8200
6004
534
9190
9646
578
4159
1464
6082
9830
9896
6295
5400
5905
4290
2532
8844
4790
5332
6122
7204
551
132
4959
5129
5497
1080
7805
1622
2119
5483
9999
6889
1155
2504
3520
8157
967
1651
8374
1281
8034
9411
9471
598
384
1020
5744
3376
250
1270
8189
6679
9147
7848
8131
2058
7224
9883
7395
668
7831
418
7216
3230
1585
2938
3266
7708
543
3138
9547
2209
9890
7279
8243
1573
1040
3588
5823
7388
9279
9303
7195
653
6464
2555
6340
4730
7940
6567
6764
1879
1360
6778
691
9678
6330
8600
7692
2179
5941
6544
2113
3187
3570
7224
8299
4102
3322
5672
607
1634
2729
7918
1077
246
6348
4715
9034
2423
3925
8573
1545
2796
6431
1024
5616
3520
6887
563
1001
4875
5797
9065
166
9744
7391
1719
990
6735
6367
5093
403
4421
8707
9202
2789
4539
1408
8011
8931
7599
2782
9712
7882
2665
2179
8120
699
9790
5173
7536
6293
5304
9408
1482
6053
7516
267
6681
9967
3098
6144
5189
438
3477
7641
5996
8647
8326
3127
4043
932
6074
1346
2871
4593
9920
3220
872
7847
7505
7964
2897
6833
110
6382
1711
1179
488
2609
7450
7843
4367
3989
3982
8500
3960
3669
7090
9182
3637
7091
672
3874
1593
9614
1498
466
8052
3624
2354
9834
563
4718
9287
1908
5991
3123
1821
6166
4132
5438
155
9336
7986
4872
7679
4534
9615
1016
7058
9201
1269
4455
8982
3640
7468
4147
4501
189
6278
6855
7296
5770
7782
2190
998
483
6337
4916
945
6992
7549
9345
7572
6734
6038
2027
6587
1316
2294
4578
1358
2012
9562
1618
9671
8647
6166
4448
8369
3830
2616
3290
3730
6499
2020
948
305
9743
9901
4024
7650
6889
550
6224
5079
51
1699
140
2712
1407
4304
5398
8018
456
812
2784
2997
681
1909
4743
1789
2831
6500
9226
1250
517
1849
6445
697
924
5314
9720
5080
9287
9124
277
3861
4869
3352
1687
3860
3490
488
4973
9812
6550
8271
4219
7052
5264
1346
4119
8032
1122
6606
6389
3538
7548
6616
5080
6698
1296
12
7796
1752
942
6554
8305
9526
4022
7746
126
9339
6239
4250
2558
2225
9524
1356
5514
1213
6121
557
4741
1950
6074
816
7811
7695
4998
5963
40
8091
8099
1560
6698
414
3956
2405
6175
1409
850
4764
7848
2451
6649
5595
9691
1282
5306
3213
3047
5038
2018
3747
453
6182
8153
1240
933
8487
6428
5689
5359
2243
4781
6770
1737
1275
195
7837
1346
4750
3798
8249
7639
315
7029
5553
9795
9887
7622
5686
9211
1472
2501
4470
6318
5136
4591
279
83
8543
8210
1114
7180
121
8096
8971
9758
688
5142
8968
9601
6432
1573
3782
3381
5917
5338
4479
5759
4449
5354
8953
3559
4424
3326
3431
4208
8385
455
3026
3208
304
8454
9522
931
3210
3960
5487
4929
6611
9903
7418
6799
1721
1186
8867
3129
9621
8347
8549
9435
2224
1291
3827
4138
3737
5814
6308
7889
1962
1350
5853
8818
1859
5557
9797
7527
6857
3530
8897
6835
4720
5777
828
5977
5554
7574
1734
5090
1803
5792
3809
8504
9794
8246
3671
3562
9752
6810
112
866
1332
5883
5692
4169
7271
5079
9702
6220
3289
5518
9897
209
113
6836
9552
9236
6836
7268
5445
2565
2836
4857
564
9241
6825
2790
1090
7912
2995
1319
2640
8888
1485
4914
337
5260
5206
6519
3906
4477
953
1479
4251
8858
4198
1079
5132
5272
3592
2770
1924
9984
4223
385
653
8013
9041
1563
723
4249
8368
9405
9858
1016
5281
1590
7396
1637
2437
3569
2769
1658
9200
9620
8510
7253
8051
1612
4019
6177
9059
8542
4710
6657
381
5264
8488
6994
9331
2697
7075
4659
7321
3830
2526
7709
154
143
3181
7227
8406
6750
6135
2226
3995
6384
2299
1150
3891
8348
3257
2490
6468
7751
7578
2277
6412
3059
2461
524
8392
6863
9668
14
9283
1456
349
8049
4941
9133
8370
8022
2741
308
1568
7581
7150
1765
25
5936
7571
5766
7768
908
5306
6543
9719
2074
8993
3044
9922
1093
935
5745
5978
971
1005
6355
9511
6852
5511
8565
3213
8492
8086
8074
5967
9342
4611
7355
6752
701
2764
5118
4526
9216
1883
6705
1483
4509
691
7314
6005
825
1226
4114
6352
948
5187
6596
4112
9459
7145
6374
1158
5406
5086
5052
4859
9491
6242
9744
5606
1148
9893
5870
206
3900
6361
3739
713
96
4978
8924
2284
931
1760
8960
1763
2317
3256
818
9215
1648
5183
3069
9391
2012
2919
3505
4800
9343
1343
8909
5650
6373
7149
3634
5541
9728
7055
9893
4450
5611
6501
7199
6129
7807
2048
3577
7320
5454
804
2225
1707
4665
1745
9195
2230
9770
9341
5029
3674
2883
2023
7174
3135
8360
4076
5590
6698
6854
9635
9233
8430
4206
2424
4034
6383
7086
9036
823
9996
6441
7595
9722
1882
9778
6896
7295
4890
6820
2566
368
7957
6117
5586
2983
6428
6656
5224
6282
4239
6254
5588
1969
5802
610
8026
843
7947
5706
9625
9495
96
7394
2957
4640
4227
8522
5632
9288
98
5344
7727
8587
889
5252
6441
3901
9788
5907
4301
7218
5624
9096
6832
8819
4144
8821
4954
7859
255
467
5781
7501
2117
690
9826
7491
5272
477
9988
2621
8473
4644
8481
7521
9823
9287
9289
8152
3972
6295
984
8130
8576
2685
212
9794
7348
5169
7636
1248
4655
3894
2054
5689
1931
6243
2032
8644
1254
1064
7285
6146
1156
2578
9372
5192
9838
5003
478
361
3791
2476
269
3157
4242
8595
3593
381
7584
4566
8512
6638
7345
9917
1745
6285
349
8956
9695
77
6006
7344
7806
4449
9030
1075
3929
8349
3532
857
2219
1858
4934
7805
1185
8959
9538
7385
605
1584
1913
2005
9532
8961
8129
8785
4686
684
12
1413
2100
7413
683
9762
183
581
125
5431
4387
6418
5534
8505
6009
3035
5717
6994
280
9072
3632
3961
274
3777
1843
1701
186
2007
9674
3701
2681
7418
5493
5366
9646
925
1714
129
5027
2068
7859
3277
2011
6892
5570
5945
8389
1398
9026
7977
5090
8940
9988
9099
9970
9501
8827
384
3996
8729
36
1941
4797
9516
7116
2832
4164
6760
8400
5665
7598
9168
9667
7425
1498
2921
2358
7188
9845
20
7150
6593
770
5995
8938
9700
814
2970
8621
9516
517
8762
1308
205
2077
6800
4044
4829
5941
1567
7107
9171
8074
425
2315
4234
67
9016
1488
378
8521
8123
7582
1957
3480
2525
2192
9674
4190
3039
6260
7449
1550
4768
3451
5316
1072
892
9280
9555
4385
9981
6360
6380
8324
6381
2519
9157
7907
8876
4774
4386
3853
1847
5136
4178
6128
865
7958
6333
2616
633
6466
3321
4692
7043
4228
4272
5461
53
691
9549
5233
3821
38
912
5318
4025
1154
2524
5231
6346
9343
7260
8755
4883
462
1648
2903
5331
2850
7793
3122
377
2072
6254
8609
3517
3934
3893
3327
6023
5014
3793
2419
3744
6486
3388
2886
943
4708
7611
6288
5787
9255
3064
8753
2167
6318
1687
4145
76
4788
6723
4899
9155
7933
5528
6736
7073
7465
7351
7771
4630
2864
7760
7320
5531
5956
5509
8443
2173
3878
7668
6457
5446
7406
3011
2788
642
3237
7487
8865
944
9882
1785
8120
683
4534
1739
9654
5953
8096
3663
3345
5662
4363
5795
5972
3085
5254
1264
2075
469
5554
9530
6658
7185
1091
8476
6455
5914
4539
7932
3769
1520
3323
6656
770
6191
8155
4840
825
9239
8903
8334
5559
1491
2449
4980
5008
4535
1840
6742
6525
2490
8403
321
9559
5985
4326
634
2477
9583
7843
7902
5244
7812
1996
1955
3094
6069
2851
60
7282
2025
5666
4358
2476
2584
7299
306
8147
9934
1386
5247
6983
1077
8422
9247
8561
3512
1795
1697
3111
2076
6222
2385
4611
4686
2990
4979
2353
4489
7066
87
1285
3205
9775
5555
6693
7271
3295
7281
1044
952
3763
9170
1303
2848
107
4751
4768
8980
5896
3349
4408
4282
1361
8822
3072
3928
3506
5412
3421
9174
5513
5875
6944
9269
5793
2075
9540
2859
5718
4664
5745
4644
2145
1457
8267
7820
2358
8020
5886
5885
8537
8108
1771
6214
4991
8996
4293
1080
108
339
5867
5616
5981
2729
262
4107
6768
2482
5458
7183
9122
7213
3995
7711
1952
3210
9886
8187
2757
8131
4466
3374
6892
2812
9569
8590
7831
1694
3533
5176
3196
3733
8949
9752
7657
3999
6468
5229
1624
9185
8783
6068
8299
1695
4679
901
5151
1778
1945
5785
4976
444
712
1047
3465
4498
3486
8620
1517
7699
4314
7173
7609
4353
3869
7450
9730
3985
6686
4836
6609
9479
2788
471
8868
821
7462
7814
2502
765
1769
6462
7884
7271
4415
4899
3525
6767
8524
9265
7519
1634
5368
1999
8602
7705
9980
7791
5204
1365
8222
6626
5226
6892
7887
6446
7155
4064
1376
7071
753
8602
2883
7251
3761
7454
8149
2085
8443
8615
8100
6972
2370
2899
7370
1404
9754
3457
74
4418
8757
8583
9558
6073
1673
5410
9470
119
3115
8402
1002
9945
1763
5724
8181
3901
2057
7613
6223
3964
5718
6635
7494
5544
2085
6322
8963
4123
7387
6472
9703
2836
1184
8350
4273
4912
6080
6207
7365
1048
2862
7764
4592
8336
5153
1963
7714
3934
3229
6450
5162
4234
1023
8854
221
5166
9542
2117
8888
5937
805
7567
197
8713
6577
7601
8482
4193
6407
9160
2535
2709
9111
7466
6030
8153
9492
3508
7619
7187
4912
4899
9757
6101
1141
8298
8930
6111
3980
5676
7319
3657
5430
7834
5210
5089
8740
4879
285
9226
8454
5341
63
7967
9033
4913
2532
7767
8579
4027
6550
7370
6807
628
6101
1978
3989
9790
9434
3925
4239
9929
138
6381
2331
4901
9800
313
6233
9884
3226
2911
9850
8380
5785
5809
9602
6303
3251
1982
6816
2573
4219
1559
1863
931
1132
2410
3788
7387
9055
5590
2388
8109
5223
6717
4225
1235
9173
5046
1757
7068
1464
6986
9723
5490
6779
5584
4981
6207
3526
6616
1313
4238
5940
3401
2996
8287
5024
4162
4870
5719
1176
7947
287
5906
3977
1108
6016
3890
2441
498
1484
3554
1236
2145
2140
1264
8843
6595
3955
2159
5254
9263
8593
391
140
3058
483
581
9862
103
5563
5146
376
2984
5943
2494
3983
1825
1109
7237
7971
3559
906
3265
3293
5879
8997
7795
4262
888
2223
3130
4850
6013
7628
3589
2143
6844
585
3241
3234
3720
5034
4455
7915
7769
6130
2180
4684
9979
6038
5521
3298
2035
700
7346
9236
7636
22
9123
2845
4166
1155
9634
4619
9756
6192
7190
2404
9549
4575
4740
408
4930
7157
3755
6820
1809
1551
7788
212
7563
4619
1101
3443
5838
6555
2483
1896
3389
809
1321
5117
5887
8808
265
4077
6452
6565
649
424
49
5671
4425
5394
4111
7279
5506
263
463
5283
8677
4193
6887
6202
8353
792
8247
8882
7600
3873
9797
4540
4240
4939
6447
5606
1901
5261
5194
7707
9258
5787
6051
3943
1711
1754
8958
8335
2382
197
937
5931
927
5849
9209
2163
7181
2153
4981
9909
4370
5585
7988
9225
4412
2545
7340
321
5902
8441
1758
2239
3541
6435
4814
6836
6357
8457
5841
5066
2517
4376
7966
1775
3825
6381
834
777
83
2422
1141
9579
9214
1693
1394
8446
6527
9023
4880
1873
9636
9916
5231
3664
2676
7165
9768
5170
1470
1927
2466
7600
2526
1411
689
480
5181
6239
1580
275
8656
7606
84
2791
2133
5697
9587
4244
2219
8922
7628
8810
9388
8221
3439
8943
7
9837
4458
2878
8517
8968
4781
9722
8605
466
4844
6144
6971
9395
8309
3344
1268
1905
9484
3061
5627
9428
4934
3217
3421
3524
1115
6900
4292
8049
3813
3829
5141
9922
2850
7238
997
8652
6822
9728
3920
9172
3120
591
1309
3610
629
6816
5821
4223
289
1267
5223
7850
3745
1258
7062
5114
2391
9893
6654
2136
353
8458
4023
5495
8612
9436
5104
3891
5921
4185
5242
9784
7377
3505
6325
7586
1858
4086
8926
7128
5940
9912
8502
4389
4161
7278
8972
4431
2620
1818
9114
4974
8916
497
3897
4749
3777
974
2427
1491
8250
6276
8167
9104
921
2120
1613
597
9378
5671
3910
1237
77
4553
8204
8756
1232
7163
7693
4088
2174
7805
1503
8097
4192
9362
1468
6464
1618
9679
9432
2525
8347
8432
4428
3737
1161
7264
1433
8432
6206
8102
8113
8827
5616
2703
4869
3660
1787
8428
1753
9537
6041
6112
9903
2546
5570
1274
6123
717
6023
2911
5542
3738
3097
1342
1201
7897
4397
3867
5072
3260
1160
5698
8542
3768
2277
1866
4396
3740
7327
9588
3919
2793
391
5305
6607
5888
6447
4374
5206
4698
7325
5216
9801
6835
9189
5797
1844
9399
3878
3397
2235
8339
9744
4039
7984
8876
6227
6355
6090
1623
6955
7142
6832
6234
7584
4647
8142
3306
1562
8898
2023
5313
8740
1391
7690
5447
5612
9459
9511
7228
7645
5722
1193
4533
4003
1115
997
5010
5511
814
757
5898
6878
6575
6103
4429
9712
6274
7958
2632
9835
5925
4648
9038
1328
1619
9909
7811
329
7507
2922
6545
865
4513
6176
7564
4962
909
6415
9740
9509
9138
4586
5435
6247
6770
5744
2733
5805
5577
9529
9654
4375
8915
4360
9577
1398
8092
5066
3355
8829
2999
9174
9049
7385
5176
2635
5319
8703
169
1394
8377
9734
8331
5562
2111
1834
2535
9726
5587
8905
2341
1456
3407
7101
4276
5317
3554
6367
6015
4409
7279
253
1340
1288
3001
3913
1422
127
9130
3500
8422
9969
7482
1974
4280
8203
1064
741
7087
5254
1475
7626
4123
5944
3101
7344
5424
6462
1245
4720
9772
3578
533
3600
2806
4281
6647
5571
8681
1568
6759
8071
1437
9499
5980
5497
4080
1072
5788
4863
5366
8986
2020
6391
1970
3340
1050
1141
7041
1145
4780
5867
1685
8800
8564
4968
4120
2751
2181
8923
3538
8650
287
8387
6617
3475
9650
3507
5823
1996
9811
3422
6610
1050
4101
6352
2020
556
6020
3566
5837
6723
2517
2694
5525
9960
1084
583
6319
6707
1339
9385
4343
6998
404
7158
3005
9258
745
8158
1563
179
6739
4977
3476
4285
5245
4393
9951
4946
833
4042
1931
2038
1506
4764
8479
4872
4209
1143
6942
6365
5990
7497
1551
7451
1658
5926
238
4059
8939
2212
4758
8148
9389
8796
4962
7360
7824
9340
634
1106
8235
9544
5245
6984
5685
5791
6267
8265
3330
3925
8483
5496
3485
5639
6165
2892
2815
1767
1686
2833
6766
5068
625
7153
5367
7448
8740
438
3776
6774
4293
4221
7213
4659
9843
1228
6496
4660
848
1747
1526
1993
651
686
8042
4986
2443
6887
7883
8181
1171
1995
1467
8683
6625
9976
3382
3635
4242
772
4964
4042
1218
1357
690
5448
3556
3542
7249
5874
583
433
2217
7703
966
2069
4575
975
409
9941
3504
4340
2361
353
3584
6022
8267
1258
6017
3758
1046
9832
9878
864
6741
9096
9453
7688
7638
8363
6944
8279
2298
6648
200
9110
5436
6020
1907
1995
3121
2550
6777
8331
1478
5961
9471
566
6418
6052
6950
5132
1900
2247
545
2184
4855
7413
8688
9721
8591
9552
7535
3668
9678
8402
415
7929
8030
685
4164
2180
504
7752
9859
6264
6025
1445
1983
8205
8347
57
6671
7788
2280
7384
1843
3255
9841
4344
1825
2389
3320
5965
1560
2
1365
3935
7377
4570
2770
1187
1037
6717
6068
4123
3160
3973
9746
1061
4430
8229
1147
6169
4914
1819
1127
4869
7463
6047
1846
550
4065
457
5924
9751
4455
1243
7455
3842
231
6017
8158
4784
7052
1029
8099
9396
8813
3747
6498
4659
3344
5634
455
5368
7487
7678
2099
6992
8194
9507
2348
4094
4362
8874
6336
4507
4391
1168
4719
6289
9944
3560
6168
5918
4249
1174
2061
939
7398
7763
4470
6084
4323
780
8145
60
1000
6026
7253
4579
637
2595
4619
9018
5949
8377
7197
169
6632
7619
7917
3922
5386
7956
8644
9051
3774
338
8339
3960
6790
6035
4580
3252
5201
8099
7009
595
670
5380
5167
2810
4621
9753
5318
9169
3286
9069
4043
8642
7146
8008
245
5280
6176
7649
9998
1263
6559
9169
5254
2828
3835
1450
7848
1835
4670
3252
4587
8526
9933
8880
1515
7497
9885
9859
9965
2227
4198
2987
1127
5329
6234
5828
4468
5166
4474
8759
6451
4775
4472
8298
9799
9625
8670
7094
6607
2703
7878
1101
3933
9921
1481
8032
36
9596
9088
1122
297
144
7171
2393
4477
4604
2364
2593
1765
4642
5606
5498
3134
2997
1662
8368
7823
3814
2526
7605
2692
686
2564
6251
7790
8150
8925
7507
8771
3347
4085
8849
535
9852
244
3400
9016
5631
7676
5925
4395
3400
7915
2454
7702
5692
3892
2986
8788
5238
8220
2656
2161
3995
9812
7161
9232
6683
1952
1221
7798
1815
4336
3991
8708
893
8366
6995
6271
6510
6114
2638
4217
8491
3558
5599
6355
7511
1777
9621
8260
3299
7554
1907
8477
9152
6025
3497
1463
4533
7445
1469
132
3060
1215
2996
3215
4793
1200
2249
5735
9189
1492
1826
5070
3096
1182
36
4463
9011
3724
5768
2059
9226
5761
9742
6423
3719
4488
2221
36
1998
2424
5355
5705
7126
4039
9151
2819
1564
461
4230
9513
3272
4535
2533
1262
4725
1794
887
7187
627
2302
2897
4722
4750
3428
4118
7033
7243
1489
9558
9909
9009
2296
4484
701
1772
4388
5478
6856
6736
4231
5946
5125
7728
3635
8906
6555
2221
4052
5847
8855
551
9704
7366
8552
3869
2224
4860
6355
6807
6307
6765
9404
5280
607
7359
2945
7944
3100
8841
3039
7064
3003
2156
7716
7083
2960
2962
3589
2356
3351
6092
1409
9093
1401
4789
4970
8636
5715
1639
3448
2764
7969
8532
5625
6511
8191
7708
762
4499
6309
5816
3970
9428
8826
2532
6096
1042
6314
3826
1701
2408
9509
1985
8746
1928
5609
9793
1259
3592
4097
6508
5941
7985
5112
2510
3789
9478
2619
4799
7013
2196
9238
6925
9640
9911
8450
8677
5403
7534
8004
6077
6225
4358
7900
3722
8263
891
8660
7520
7183
5857
3349
6153
5826
984
2852
3970
8316
5451
7848
9389
8880
6239
36
589
5105
2978
1411
9232
2797
3130
1454
4814
7991
6620
7726
6517
6767
4279
8084
4257
2750
4827
5319
2762
11
8772
2708
5712
7661
5639
6327
6360
2938
5104
1092
288
2447
2464
6813
627
1739
919
3016
7942
3281
7291
474
2856
7812
9509
5362
1850
2254
6430
2160
6710
9173
8180
2831
41
5663
4826
5905
6786
7626
4098
1270
6740
4999
1945
7924
8114
4055
1257
20
7930
1109
9607
7603
6534
8102
3741
239
81
2309
2949
9716
2690
2036
1404
6928
6293
399
6809
8272
9514
1320
6105
3004
2474
6359
2375
8945
3518
3099
4154
7190
5219
4627
6862
7422
5686
2273
1980
8140
6864
1843
8925
304
3827
3958
568
8108
8899
5564
7988
6942
7944
1733
6626
3935
1829
5333
3806
8462
5007
335
3354
2916
8428
9194
2046
371
3121
925
2383
2708
3874
8996
675
3513
527
886
8324
9632
2857
8085
3912
3675
8063
8773
8953
7725
1868
427
3486
2420
4926
3661
2993
8524
3384
6335
4347
4660
2807
7414
3495
7523
7526
4924
9821
3317
1255
3907
9444
5574
7220
6832
9908
9727
5673
3520
6868
9035
4466
2868
8805
5184
8914
7613
753
1163
8838
2856
7105
4876
9174
8557
1263
4245
8491
6469
894
8900
2431
9384
4506
8252
45
3175
946
6430
5414
8434
6095
9764
2749
4769
8074
1911
829
1990
259
7357
9772
1893
1022
1692
7570
8487
1764
7856
4316
9138
3134
8974
5542
5781
794
502
2172
1748
2041
1967
3841
4555
6675
8411
5503
2282
3341
6993
3599
3834
605
3427
3460
7827
739
6933
6282
80
1984
7102
7931
8831
332
1925
3879
1510
2091
3958
3687
2347
329
1066
9764
9668
1846
8714
1553
317
2055
9517
4713
4644
774
5543
8391
6904
4012
2219
5124
9719
9189
810
278
7521
9281
9377
1086
5627
7059
5500
6499
5873
1162
8451
1181
7936
2100
2166
4026
9809
4825
8082
3123
7473
379
4568
142
746
4824
9481
6779
6547
83
9278
6105
3136
9666
7983
1005
4093
868
3474
5904
5791
6520
5888
8692
5892
3240
6771
8723
7521
7128
784
5965
8911
5072
5988
6460
8810
1636
1293
3731
7998
1069
2075
8971
3104
4798
1823
5137
7064
4350
2639
3874
3979
7267
7217
6210
2647
8091
9086
9202
9250
2463
200
8787
7821
3745
2711
9144
9973
2757
267
5796
4673
6806
2128
1973
2116
7395
8602
5762
5779
1626
1879
5336
9874
2717
590
2945
6377
8130
537
9295
3720
5244
3435
3040
4391
125
607
3508
9248
7903
5214
7745
8504
8618
2742
4503
3698
6828
3018
2720
713
8809
8290
2577
7423
8186
6505
7106
8154
8204
4984
2994
4279
1849
6362
5966
6887
2060
3749
7893
4710
6806
6069
5052
1386
6557
5791
6513
2880
6134
8947
180
1836
5268
7902
7953
4208
9689
8847
7443
2439
104
7255
8017
2872
5860
6174
1482
5940
7181
2375
1665
5936
5571
3062
2339
4147
5647
7191
4134
703
2795
1207
1757
3533
3851
8049
9624
8420
1461
6427
7584
4302
5621
1792
4516
7970
2826
6427
1476
9654
8894
169
9203
5751
2433
8399
7894
5421
3072
2274
3464
4945
5814
9574
5420
3808
5487
935
426
5772
9416
8027
8818
1060
9768
344
9968
5621
9668
2304
7544
4888
1924
4595
638
1730
8547
5364
5888
3121
6276
2289
9676
7863
3969
7750
4695
8239
6625
6510
4292
8635
5659
6058
5157
3854
6744
1106
8998
1765
8705
7601
9539
5283
1084
7711
7693
6766
8679
8615
2924
7331
1532
1938
1231
9006
3715
9678
2352
5380
2302
6038
5211
4778
2706
5603
2949
4541
5608
5406
9889
989
7205
465
6659
1669
3483
7757
5544
2145
4230
7783
2650
1465
1273
4620
8321
3757
2934
1552
4022
6896
5355
5116
8784
4747
1290
9334
1476
8285
6969
4204
1011
5027
2005
3544
255
8192
2431
2132
2068
9960
2323
2204
5820
6324
8914
7771
3139
6896
2117
3686
4113
3883
5688
9936
8703
8357
8081
1132
7914
2521
1315
9250
2304
8855
3581
3605
3483
8033
4541
2293
6398
337
4778
4034
6838
6499
2795
5281
8182
6224
3979
8760
102
1750
657
6645
2203
4974
4578
3576
4332
7802
1188
3066
7095
9336
43
3276
2475
2714
3556
9035
6478
9460
8713
8974
7627
3314
3020
389
2670
1696
5318
5530
9384
3570
4789
7646
1852
7193
4618
6098
2922
2017
9295
9958
263
1624
5585
6208
5264
697
5068
5093
1246
498
4568
4558
5822
7012
2
7677
1335
6844
475
9370
4912
5095
9514
3803
3937
9123
3837
924
5621
5207
5594
9772
2334
6229
5364
434
6243
5263
6774
4232
4891
4676
6123
1390
1454
400
7081
9551
5888
6994
1615
6702
8638
6985
1363
3472
7797
4116
8030
8273
7349
3233
3793
2832
687
8705
5508
3721
7099
1260
6673
7194
9227
5028
9081
901
9500
4243
229
9748
2524
9957
9538
1058
2340
4702
1451
5937
3273
8879
2029
6696
3324
5895
6207
9173
3070
1406
4665
8705
3071
6525
7483
3694
3073
9045
9399
7559
9921
4149
4577
8048
87
2204
9020
3603
4452
2920
2556
6437
7848
1941
1528
4
6700
7238
9641
5660
3412
8329
2008
4842
7377
4377
6599
2679
2266
6111
272
8595
6202
5852
645
9779
8094
6569
7903
7407
3025
681
8974
8654
1265
3656
2191
830
3466
4541
2213
6441
6138
5646
6237
4719
4602
3266
1804
9348
7730
3441
1597
3067
8461
1215
5582
1165
8780
8145
1999
7828
5358
9642
6995
6749
7591
8272
2606
837
9992
738
8250
169
2945
5109
2546
8216
6729
9472
6355
7754
6453
8866
5306
2949
7674
1932
2421
8364
4171
5777
5647
4500
6770
7452
2507
4701
2311
8463
9915
8951
6713
4683
3609
1871
1032
7935
4632
4030
1900
6975
798
5089
2465
1843
2295
349
1099
5450
5500
8448
2854
6885
1487
5715
1959
5750
4132
2242
3043
2092
871
9432
817
6935
3877
3784
3392
3416
6517
9818
4790
6571
1396
7613
212
2767
70
7780
4497
3301
7855
8895
7503
1270
1832
2718
2509
4200
6545
5455
844
9085
7660
4626
9291
7294
425
7243
8166
8380
8725
4173
1596
1828
9909
8964
4082
7476
8428
9155
5353
2230
3128
3177
4212
1409
2462
8020
9004
6813
9964
329
4367
5266
1384
9888
9237
9145
44
3922
757
4315
1145
6993
803
6235
5563
7103
8427
85
7356
5292
6219
2390
866
3273
4102
9896
8114
4822
2586
1598
9610
3821
2312
5689
4624
3208
8566
9078
6465
6329
2178
3381
8792
5706
6055
1717
2099
7717
1234
4445
1081
3824
9775
7621
4338
98
1838
4460
1816
6015
7026
1761
1983
3749
3080
9215
8707
3787
8527
6340
8087
6874
8510
4076
5645
5563
7858
5806
3038
7855
5691
1631
1999
679
3427
7224
2608
7249
8018
1061
2566
8835
9367
7176
1854
3461
6492
6552
7885
3437
5535
5426
3794
3537
6189
3228
6830
5146
8982
5291
7522
6179
5238
4645
9892
5491
3311
5480
5845
8314
9758
8831
9496
2718
5430
2783
2233
4455
2832
3109
7763
5611
4728
3834
3744
4611
9386
7346
8765
8439
3781
6130
586
5204
4773
2992
4223
3991
8617
4425
7023
6474
2227
8126
6138
7436
5337
2144
1922
7382
2438
1263
6034
5094
1500
1105
6428
2772
5791
2777
1176
7547
2474
2810
131
1505
4148
416
5074
5857
8683
3977
4328
5265
2833
3515
2064
2138
2365
9451
6048
4772
2576
1436
9894
9557
7878
4579
8655
6945
6528
3415
1547
5437
7100
2986
8094
9725
1125
6071
1904
6321
3590
5880
8754
9330
3937
8907
5297
872
6771
7516
3388
9138
2146
3787
1526
9786
2647
8777
7866
4145
6737
2344
8261
3170
4209
4218
7538
3507
1118
3296
2895
6793
349
9737
7346
3846
6579
6501
4763
2401
7304
8078
4713
5657
66
2032
9957
8023
274
7603
6232
7998
1573
493
8979
7045
6646
6722
4610
6027
7757
6377
1421
3258
8849
7256
8633
7769
5152
2291
9853
5915
532
761
3179
467
4230
5950
504
5712
2784
4922
9222
70
9153
5184
7848
4477
431
4390
197
9612
4481
3981
2525
6272
3724
3728
2390
3100
4003
8699
8930
7821
6182
1901
7286
4476
9602
5223
4950
8966
8322
3528
3907
790
4567
1500
7676
3001
7489
5391
6612
8724
2397
4864
2282
5088
390
3
9011
2767
8359
8571
181
8888
4299
6988
5589
5655
6195
5717
5537
4015
5918
4328
4119
2398
331
4341
4801
3085
1836
4784
2463
7279
783
1991
1498
7485
8655
1209
5302
8524
2283
2613
9607
3551
9420
2621
2294
5428
1920
7425
7928
5482
2166
7103
9584
57
4368
9092
3839
8988
2718
9262
6415
8419
9908
2897
8739
9472
199
9653
7879
6881
2328
9370
861
5365
7755
1003
1106
5280
1808
8406
7299
9633
6248
1761
3422
3022
7071
1964
195
6234
6224
9403
5158
6720
8721
6006
998
2709
8097
3638
3356
9110
5082
1659
8404
8894
2812
8203
6423
5689
9199
1040
967
9085
5275
8981
4679
217
7090
9120
1946
7283
4137
3120
6706
7577
9194
5952
3939
5295
2810
7058
7121
6761
2441
6623
8126
2459
4106
988
2052
9224
4984
818
1760
768
2385
7026
9821
9059
9504
448
1
4408
4323
4402
8947
4700
647
1779
2743
8518
4886
3299
8011
5404
8953
9449
6290
8409
704
8742
2697
3194
5327
3415
1186
2299
6390
8096
3907
3547
9242
2287
3778
6354
229
7972
805
4518
4433
5985
9157
4586
3154
6090
5017
9882
4997
9673
6248
5676
9102
3851
9164
1736
9277
5289
1216
6855
8081
7955
8222
7515
404
9267
6369
9469
3610
1890
8659
2703
7931
1552
5180
5737
6846
4215
3892
5459
811
4510
949
104
5103
2797
4972
4832
762
6225
7045
8995
7079
9457
1191
8010
880
1638
3013
7560
4366
5420
1838
4202
4713
9177
1238
7682
7224
7009
5931
1340
1301
4507
7283
8961
6657
9364
8427
802
5094
7842
2156
1729
2482
3077
2835
1600
9547
2476
573
4532
1414
2614
5351
9112
134
1273
4119
5429
2387
6674
4723
1321
3427
6303
7987
6964
183
5839
6374
5533
775
5681
6994
2593
5313
5091
6684
6810
4235
2331
7087
7157
1467
5600
2339
4250
1937
5950
6529
2636
5606
6901
9062
6950
1125
5563
3953
6805
9981
458
5429
3446
3078
1300
6736
8169
1077
8019
4007
1903
7248
5692
7241
5812
5816
6896
7806
3626
9384
4443
4820
6434
7266
2617
8343
2187
9519
8838
6441
3808
6795
3834
6409
3304
9568
8604
2411
1319
5112
4195
2890
5246
9266
5422
7415
2927
9969
6396
622
4471
5932
2939
3042
7968
8224
4235
5413
7211
6479
7030
8597
4423
6786
900
2641
1002
2841
7458
1217
8745
4287
2964
6024
9030
3124
1027
2711
5708
1426
4299
7984
8861
8629
8834
8515
4950
681
3501
4395
9106
758
4881
3255
4841
3664
4512
2994
3326
8159
7934
783
956
75
9153
5351
1211
9656
6912
5816
3827
5598
7084
4757
6067
98
7721
727
9316
6791
7529
4249
7567
6955
2483
904
4906
8160
4986
8938
8943
7360
5416
3340
4957
340
9075
2342
8864
9749
5919
5456
7768
119
5296
8748
5032
439
3954
595
3614
8572
3816
70
4301
2397
404
7958
6362
6909
1807
1689
9780
3370
5665
6094
4877
3875
8292
5892
7688
4923
3198
5033
2281
3716
5135
4775
3618
8658
3858
4840
7210
2087
2767
4104
7386
6079
3478
6661
5011
782
7435
2380
7164
1154
6450
8977
161
6916
1992
694
6184
2268
2801
537
2083
2116
3831
1430
8052
6607
6917
1878
834
2624
112
9705
3815
7132
8758
9882
2898
967
6156
3532
5664
7464
2258
9821
7362
4936
6352
184
9548
1992
7608
8981
9712
7695
7689
8095
6083
4461
5407
6374
1599
2206
4024
9442
5384
8966
7048
3494
837
4284
1666
3455
3461
6715
2485
8793
9868
7145
2897
3259
8617
4468
7887
4693
4816
7092
8840
7698
9595
5921
476
3847
2621
3419
8821
2393
9361
132
5228
2255
2161
3344
906
9547
2379
2307
1014
266
7438
5421
4971
7492
1664
6243
9274
9809
4269
4959
1344
1573
7078
2225
9846
681
1358
3364
6387
2950
7634
7484
3243
8638
4774
717
7923
334
8315
1724
847
9519
8252
6938
7220
9969
3100
909
4000
6717
2138
5878
7976
8815
8681
1116
8555
774
6356
9815
5466
1752
9421
6348
4916
4471
5150
4587
2601
2644
9369
5607
3584
740
6817
1982
9668
6642
6443
4283
5681
834
9110
6363
8914
9279
2346
5880
3846
5620
3117
3851
588
7125
2174
5196
3682
6697
1443
6426
5785
6755
3749
7089
1343
6458
9092
2308
8801
8270
1051
1609
5928
5134
2918
1630
2357
6339
6199
3420
8289
82
4530
5308
5902
2739
3581
417
7460
2182
6336
6448
2537
5439
2712
7892
2156
3942
8290
4450
3158
8023
1940
6193
7078
5459
754
620
7587
59
4576
9421
7622
7198
9199
6526
124
28
5357
1134
4729
459
2705
3785
7246
9739
50
6360
9086
3533
4094
2295
6701
8175
9175
1877
5497
9262
4763
6447
6814
3808
5423
7187
514
1804
7025
9074
7465
1644
7126
3056
2696
9729
1635
1718
1509
9437
8767
4980
1385
55
204
6991
4854
1473
1768
4876
6140
5771
8948
3393
4861
4072
2200
2981
7233
34
8119
7436
8824
46
1456
4649
642
6567
1376
3143
1550
9424
8321
1241
9959
8055
5007
8343
6471
1856
8881
1875
5669
6254
56
4731
3321
9321
2670
635
9925
9937
3562
5708
9887
4985
2649
1701
7057
4256
4670
5590
417
9045
3592
5791
8681
5921
5472
5532
7927
5024
6831
9142
4532
159
2917
1704
4485
5420
4766
6112
3533
9964
3648
8162
4997
9283
3563
4816
3572