505
312
894
752
135
348
695
753
264
149
476
850
740
309
61
208
718
667
560
265
307
822
533
838
267
28
679
985
359
102
594
749
597
231
922
22
436
61
300
147
312
780
911
592
405
562
838
38
923
692
95
483
487
270
543
216
736
384
998
927
351
272
896
591
323
462
205
478
369
143
64
707
838
433
684
802
593
808
408
272
514
466
332
114
11
729
915
591
144
13
983
742
525
998
586
111
120
131
30
267
983
456
422
399
450
683
270
743
325
181
808
617
683
377
115
955
494
313
932
165
185
367
514
789
569
291
166
896
473
709
395
293
180
675
635
969
23
471
346
331
974
745
964
87
520
467
114
721
347
42
552
798
27
508
181
912
868
632
663
807
7
273
908
616
780
790
764
951
762
288
338
717
878
50
275
521
237
444
157
316
101
251
533
810
481
289
152
793
199
199
424
989
888
919
94
777
493
599
730
912
869
598
282
555
31
203
192
489
622
876
464
890
667
241
88
494
723
443
726
760
26
256
365
432
480
884
330
42
717
122
314
634
906
769
426
894
174
906
436
429
364
462
425
797
725
108
761
206
357
195
654
908
597
443
269
120
335
172
53
366
58
240
431
927
51
396
696
808
118
980
259
606
302
719
767
509
327
761
695
44
542
935
243
809
198
777
594
891
66
487
989
304
527
914
567
709
162
635
619
571
290
347
687
918
585
735
843
897
343
565
492
707
458
624
940
887
858
164
618
753
625
606
548
334
66
984
127
229
949
231
642
198
583
409
906
689
367
127
834
953
995
664
443
110
137
605
365
241
186
968
353
267
161
992
831
996
17
320
231
263
747
294
306
301
157
643
789
841
478
232
295
412
503
435
610
717
612
98
848
295
534
53
374
86
459
661
964
214
252
908
154
992
682
123
752
190
928
757
850
727
709
140
192
381
115
504
22
876
492
448
20
774
39
537
454
868
830
635
820
123
48
99
951
632
860
138
985
397
10
417
221
775
615
387
428
193
90
645
174
887
829
460
250
663
458
793
831
501
803
848
508
109
264
899
564
112
795
207
923
54
702
978
198
764
377
808
385
446
876
273
598
100
674
857
293
315
345
186
809
171
861
686
401
773
226
722
272
964
984
945
348
555
666
552
305
552
624
97
64
527
118
359
409
847
966
46
527
886
229
505
392
764
185
334
488
549
653
376
434
741
689
181
885
963
354
577
7
595
210
92
995
261
517
967
952
629
189
937
834
886
565
987
955
745
513
629
156
886
559
457
782
84
869
304
512
269
507
75
670
248
462
725
381
935
949
573
956
589
175
401
291
618
170
391
753
500
865
807
386
84
786
306
545
924
531
630
750
919
591
446
667
440
880
515
824
783
837
392
228
580
257
843
384
244
837
900
989
675
659
544
539
328
981
898
135
470
6
831
526
265
591
194
953
121
880
296
109
744
577
43
188
242
634
481
857
632
927
838
350
977
630
54
922
995
85
877
378
614
537
612
369
556
200
347
292
176
731
881
432
655
231
589
651
480
433
841
807
561
968
397
844
453
949
50
345
697
120
1
426
340
315
357
629
55
778
270
857
105
964
173
519
452
879
268
198
243
127
604
673
156
182
802
33
348
508
355
428
551
375
923
969
174
755
17
37
746
175
479
757
713
861
492
921
956
886
460
494
346
269
174
568
357
6
551
913
756
808
82
928
880
680
115
702
926
122
391
518
72
654
699
450
418
394
564
433
43
600
926
452
932
277
912
134
864
743
260
920
106
678
426
294
805
918
243
944
121
737
580
495
322
962
839
48
926
241
516
968
826
740
320
340
322
205
535
265
596
261
948
910
64
803
287
673
755
409
248
686
474
928
471
845
201
273
187
827
373
152
248
300
164
697
527
413
196
226
21
116
733
326
286
560
49
168
93
536
816
332
82
922
790
370
624
92
326
531
90
993
478
652
164
303
22
420
791
566
558
85
962
169
117
352
972
798
161
393
691
953
459
787
780
981
861
971
701
462
119
255
10
822
996
415
749
368
532
867
587
894
690
114
123
696
797
986
525
413
160
548
167
915
310
3
538
388
171
46
804
804
128
503
463
96
106
723
86
796
800
404
244
37
570
678
393
799
226
13
945
912
250
934
45
960
729
755
484
385
971
866
785
467
195
494
329
933
67
923
695
250
906
424
50
153
353
551
60
304
232
917
495
942
533
404
567
507
437
469
971
793
581
953
354
779
951
349
499
77
101
770
107
137
273
334
226
213
228
542
629
805
204
855
104
538
120
898
107
67
59
352
674
746
70